030D
3999
7025
7332
7332
7332
7332
7332
7332
7332
7332
7332
7332
7332
7332
7332
7332
7332
7332
7332
7332
7332
7332
7332
7332
7332
7332
7332
7332
7332
7332
7332
7332
7332
7332
7332
7332
7332
7332
7332
7332
7332
7332
7332
7332
7332
7332
7332
7332
7332
7332
7332
7332
7332
7332
7332
7332
7332
7332
7332
7332
7332
7332
7332
7332
7332
7332
7332
7332
7332
7332
7332
7332
7332
7332
7332
7332
7332
7332
7332
7332
7332
7332
7332
7332
7332
7332
7332
7332
7332
7332
7332
7332
7332
7332
7332
7332
7332
7332
7332
